20
89
18
78
56
51
72
23
34
38
21
45
79
36
40
95
33
42
88
86
60
74
99
31
2
96
88
13
17
22
62
18
47
97
0
80
26
70
82
43
82
30
70
50
90
7
49
79
15
15
73
61
1
50
42
1
21
24
69
41
60
84
9
13
93
33
85
60
42
0
63
40
5
15
55
37
58
9
29
96
26
99
10
23
78
79
66
70
86
87
30
29
85
44
64
41
1
45
71
82
93
56
11
57
32
41
26
76
14
27
5
27
29
0
38
58
48
88
6
89
44
25
84
23
56
81
44
24
24
53
23
90
72
95
28
71
42
72
96
98
85
9
7
35
33
83
79
73
76
45
38
71
91
74
99
58
46
84
30
83
98
29
53
60
21
44
44
30
4
88
81
79
1
13
5
57
93
12
51
44
88
55
79
79
12
9
67
98
9
4
9
41
82
68
41
9
9
67
82
66
33
80
89
67
57
62
99
73
74
51
47
75
61
21
75
19
7
36
24
32
6
49
10
95
81
4
10
99
65
77
51
66
10
58
23
10
85
29
79
87
39
16
27
58
36
83
32
81
63
33
45
82
61
88
0
41
58
75
57
80
95
62
1
10
42
41
45
89
17
84
31
86
49
39
18
9
63
22
94
89
12
86
3
74
51
96
55
39
93
26
66
39
9
16
86
60
86
20
25
3
53
47
62
2
39
36
37
89
44
6
99
33
72
53
66
86
2
42
99
12
43
66
49
45
37
49
73
70
98
12
75
59
40
73
33
65
42
82
61
57
93
70
41
19
16
19
78
92
4
17
32
16
64
1
5
20
33
81
3
53
48
5
73
59
92
98
54
37
70
7
71
9
40
74
55
51
95
61
98
87
87
89
99
57
75
44
12
93
39
67
23
16
87
28
37
47
56
94
23
18
90
13
62
1
56
78
62
34
78
45
79
76
65
47
63
21
53
83
92
21
29
71
33
0
45
43
24
49
4
54
4
10
82
2
5
57
24
87
36
92
96
44
77
61
32
98
77
40
38
17
42
59
18
10
93
33
39
62
70
70
0
82
31
3
59
4
23
5
42
29
35
85
6
58
32
71
50
83
48
0
8
36
9
39
41
43
20
50
84
7
3
7
28
57
2
78
45
64
41
6
41
39
43
20
55
46
12
35
13
29
95
11
70
87
19
41
4
42
45
68
88
9
31
35
93
59
56
38
95
38
87
50
60
89
78
58
65
42
76
20
59
69
69
73
82
81
98
53
58
48
28
87
16
36
29
26
77
65
30
92
90
46
8
67
41
16
34
38
24
49
13
2
27
6
51
16
56
16
59
88
35
17
61
22
28
83
2
44
45
62
62
67
69
32
2
80
7
95
2
78
45
86
43
85
84
88
11
22
29
18
17
76
22
40
49
42
87
52
6
69
25
22
22
85
77
76
63
81
30
66
3
91
64
59
86
45
72
35
52
23
1
0
30
95
29
61
67
23
6
9
96
53
1
42
69
8
57
74
84
15
70
58
39
96
92
90
53
79
6
21
23
37
87
95
16
44
7
76
91
56
92
51
58
89
42
65
56
0
62
17
76
56
62
42
4
75
21
60
66
78
41
99
46
33
91
53
32
7
8
14
18
82
94
63
6
16
10
52
70
67
7
27
97
74
72
71
25
77
4
13
71
13
71
59
23
74
42
15
58
88
96
11
55
13
0
99
93
13
42
26
87
46
89
58
53
72
3
28
47
45
37
33
49
38
11
52
13
90
60
53
22
3
43
49
42
0
68
36
15
54
54
32
39
84
47
96
97
14
7
89
5
0
43
68
71
44
21
99
33
34
8
74
27
61
81
23
44
28
89
49
79
91
87
17
47
63
90
63
49
44
12
47
47
70
51
82
99
4
21
35
26
70
11
8
83
53
98
86
43
53
1
80
26
26
99
21
90
68
26
96
81
74
6
54
37
75
92
19
71
56
95
73
52
41
40
50
28
22
22
80
77
14
48
12
68
56
76
41
20
95
42
63
12
64
69
40
52
10
43
22
96
74
87
4
11
60
60
79
70
94
9
21
86
64
7
77
9
90
32
8
45
55
94
48
59
87
86
55
23
71
51
69
77
28
73
16
24
46
50
53
7
44
71
87
16
39
30
46
5
43
9
74
62
25
47
39
18
30
31
35
62
88
53
34
84
44
97
62
46
29
87
58
53
65
4
81
65
66
72
89
95
75
93
32
70
80
25
28
33
12
57
87
38
3
20
87
83
93
67
81
37
38
54
95
33
27
5
80
0
62
